922661|
89252|33;34;35;36;37;38
214742|33;34;35;36;37;38
298429|33;34;35;36;37;38
166066|33;34;35;36;37;38
213786|33;34;35;36;37;38
67813|33;34;35;36;37;38
192867|33;34;35;36;37;38
41728|33;34;35;36;37;38
256415|33;34;35;36;37;38
880333|33;34;35;36;37;38
937096|33;34;35;36;37;38
951028|33;34;35;36;37;38
561158|33;34;35;36;37;38
182229|33;34;35;36;37;38
439084|33;34;35;36;37;38
809764|33;34;35;36;37;38
898423|33;34;35;36;37;38
349982|33;34;35;36;37;38
395822|33;34;35;36;37;38
566877|33;34;35;36;37;38
732508|33;34;35;36;37;38
